Rtarget =
[0.8047378541244  -0.310617217526  0.5058793634017]
[0.5058793634017  0.8047378541244  -0.310617217526]
[-0.310617217526  0.5058793634017  0.8047378541244]

new X0 = old X5 =
[0.9004277675958  -0.3931649543125  0.1861482045119]
[0.434737611039  0.828336883053  -0.3533570683066]
[-0.01526580789453  0.3990981419082  0.9167811234066]
det(X0) = 1.0
||X0^T X0-I||_F = 4.24814062e-801

new X1 = old X6 =
[0.8209560864078  -0.4188015401726  0.3881190205839]
[0.4669811370259  0.8836012983358  -0.03431272710493]
[-0.3285722475376  0.2094135036917  0.9209702832446]
det(X1) = 1.0
||X1^T X1-I||_F = 4.617723728e-801

Tolerance used: epsilon = 1.0e-700
k    ||F(X_k)||_F
 0   0.4890874262785928
 1   0.4620913855121089
 2   0.0397042870880645
 3   0.004862102628557239
 4   1.205797505701795e-5
 5   2.907038464661848e-11
 6   7.555172447489067e-23
 7   1.594685065573839e-45
 8   4.436437054305311e-89
 9   1.195757267893039e-180
10   5.90225667908529e-358
11   5.660496182780435e-717

Saved results to /mnt/data/article_code_package/results/current
