Rtarget =
[0.80473785412436501627  -0.3106172175260455245  0.50587936340168050823]
[0.50587936340168050823  0.80473785412436501627  -0.3106172175260455245]
[-0.3106172175260455245  0.50587936340168050823  0.80473785412436501627]

X0 =
[0.9004277675957541264  -0.39316495431246654812  0.18614820451189607719]
[0.43473761103895043088  0.82833688305296659107  -0.35335706830660992675]
[-0.015265807894534755695  0.39909814190819285367  0.91678112340664776548]
det(X0) = 1.0
orthogonality_defect_X0 = 4.248140619613458477903425503823917466735e-801

X1 =
[0.82095608640783539383  -0.41880154017260322276  0.3881190205838746516]
[0.46698113702588874217  0.8836012983357541448  -0.034312727104934723783]
[-0.32857224753764403866  0.20941350369167936862  0.92097028324459859437]
det(X1) = 1.0
orthogonality_defect_X1 = 4.617723727587488358957111007956549698397e-801

mp.dps = 800
tolerance = 1.0e-700
created_utc = 2026-07-01T02:17:32.450323+00:00
python = 3.13.5
platform = Linux-4.4.0-x86_64-with-glibc2.41
processor = 
