mp.dps = 1200
tolerance = 1e-700
r_star = (0.45, -0.25, 0.35)
weights = 0.166666666666666666666666666667, 0.166666666666666666666666666667, 0.166666666666666666666666666667, 0.166666666666666666666666666667, 0.166666666666666666666666666667, 0.166666666666666666666666666667
perturbations:
xi_1 = (0.06, 0.0, 0.0)
xi_2 = (-0.06, 0.0, 0.0)
xi_3 = (0.0, 0.05, 0.0)
xi_4 = (0.0, -0.05, 0.0)
xi_5 = (0.0, 0.0, 0.04)
xi_6 = (0.0, 0.0, -0.04)

R_star =
[0.91044866317870865822  -0.38228666408267618625  -0.15792446986025126503]
[0.27337287605678131111  0.84268008396259629147  -0.46385078067115004895]
[0.31040377309650409022  0.37914005665100959051  0.8717237607695015915]

R0 =
[0.89180404875183675267  -0.41763275098043407196  -0.1739782283458086034]
[0.27856199752140453641  0.80988548973705801854  -0.51622544207957312169]
[0.35649509416921376398  0.41190821650202661941  0.83859577211634150711]

R1 =
[0.90724289178906385447  -0.39438422038897017887  -0.1461896781800998836]
[0.30362949174147602152  0.85461475125347337671  -0.42123955023807625599]
[0.29106608707135552827  0.33777909001024326898  0.89508983868035394989]

Generated rotations R_i:

R_1 =
[0.91044866317870865822  -0.39106853843131835053  -0.13471685108142483371]
[0.27337287605678131111  0.81334936358644652154  -0.51354657373013998579]
[0.31040377309650409022  0.43072985849916987559  0.84742037186082510419]

R_2 =
[0.91044866317870865822  -0.37212897056339243018  -0.18056373108554254525]
[0.27337287605678131111  0.86897806602176707592  -0.41248562570047589998]
[0.31040377309650409022  0.3261857600210334613  0.89288988548810136717]

R_3 =
[0.91720377323711182598  -0.38228666408267618625  -0.11222363754639146988]
[0.29621410783013086384  0.84268008396259629147  -0.44960813873326544772]
[0.26644781981094225756  0.37914005665100959051  0.8861480557788663822]

R_4 =
[0.90141790561485655411  -0.38228666408267618625  -0.20323057324493442955]
[0.24984835446313147216  0.84268008396259629147  -0.47693403722617352766]
[0.3535838786044846992  0.37914005665100959051  0.85512061034317157063]

R_5 =
[0.89443301219241477854  -0.41838911137810719309  -0.15792446986025126503]
[0.3068524224041553844  0.83107403047831211296  -0.46385078067115004895]
[0.32531704161495351153  0.366423944829989738  0.8717237607695015915]

R_6 =
[0.92500779052260616223  -0.3455726396748517867  -0.15792446986025126503]
[0.23945599142415299287  0.85293802907470400846  -0.46385078067115004895]
[0.29499392475704025205  0.39124962526028626516  0.8717237607695015915]

Environment
created_utc = 2026-07-01T02:17:34.179905+00:00
python = 3.13.5
platform = Linux-4.4.0-x86_64-with-glibc2.41
processor = 
